net_add: [0 0 0 0 1 1 -1 1 1 1 0 -4 -1 4 -1 2 2 5 -11 2 -2 0 -1 -1 3
-1 -2 0 0 0 0 0 -1 5 -1 -2 0 0 -3 -4 -2 -3 -3 1 -1 2 -4 0 0 3
0 0 0 0 0 0 0 -1 3 1 -1 -1 -2 -1 -3 1 -6 0 -6 -2 0 0 -3 -3 3
0 0 0 -1 0 0 0 -3 0 -5 2 0 -2 0 1 -1 2 1 0 6 2 0 1 0 3
-1 0 0 0 0 0 0 0 3 2 7 2 7 3 -5 1 -1 1 -1 -3 -1 2 -1 -2 3
3 0 0 -1 0 0 0 0 1 0 0 3 -5 -3 -1 0 -3 0 0 2 -1 0 -1 0 3
0 -1 0 -1 0 1 2 -3 -2 1 1 3 3 -4 -2 -1 -3 -3 -3 -2 1 2 0 -2 3
-2 0 0 0 0 0 -1 -2 -1 7 -3 -3 1 -1 0 -2 1 2 3 2 1 0 1 0 3
0 0 0 0 0 -1 0 2 3 -1 0 2 2 1 -1 2 -2 -2 0 0 1 -1 1 -1 3
-1 1 0 0 0 0 -1 -1 1 0 -1 -3 -3 -3 -4 -2 -1 -1 0 0 0 -1 0 0 3
0 0 0 0 0 0 0 0 1 0 0 0 -1 0 1 0 -1 0 0 0 0 0 0 0 3
-1 0 0 0 0 2 0 -1 -1 -1 0 -2 -1 -1 0 1 -3 3 -1 0 1 0 0 1 3
-4 -2 -2 0 -1 0 0 0 -2 -1 -8 -7 -1 -5 2 2 0 7 2 -2 -2 3 1 -1 3
-2 0 3 0 0 0 0 -2 -6 1 -3 -1 -1 -1 -1 0 0 4 2 -1 0 4 0 -1 3
0 1 0 0 0 0 -2 -3 -5 -1 -2 0 -1 1 4 3 2 3 8 4 1 0 -1 0 3
-1 -2 -1 3 0 0 1 -3 1 -1 2 -2 -1 0 -1 -3 -8 1 1 -2 -1 -3 2 4 3
0 0 0 0 0 0 -1 -3 -1 1 -2 -2 0 -2 -7 1 1 -2 -5 -1 3 -2 1 -1 3
0 -1 1 0 -1 0 3 0 0 -10 2 -1 1 0 0 -1 2 0 -1 -1 1 -1 0 0 3
0 0 0 1 0 0 0 0 0 0 -2 0 -1 0 1 0 1 -1 1 -1 1 0 0 0 3
-2 2 1 0 0 0 0 0 -1 -2 -1 -1 2 -4 1 0 3 3 4 2 1 2 0 2 3
0 0 0 0 0 0 0 0 0 -1 0 0 1 2 1 0 -2 0 -1 0 0 0 1 0 3
1 0 0 0 0 0 0 0 -1 0 0 1 -2 -4 0 0 0 0 1 -1 1 0 0 0 3
1 0 1 1 0 0 -3 0 0 2 2 1 0 -2 0 -1 1 0 1 -2 -1 -1 -1 1 3
1 0 0 0 -1 1 0 6 -3 -3 -1 -1 -1 -1 1 1 1 1 3 1 0 -1 3 -1 3
-1 1 -1 0 0 0 0 0 -1 2 -1 -8 -3 1 1 -5 1 0 -5 5 2 2 1 3 3
-1 0 0 0 0 0 -1 0 -2 0 -3 2 0 2 3 -2 1 -1 2 1 1 1 0 1 3
0 0 -1 1 0 0 1 0 0 0 0 0 0 -2 0 1 1 0 0 0 0 -1 0 0 3
0 0 0 0 0 3 -1 -1 -7 -3 1 -1 1 3 3 -2 0 -4 2 4 2 -3 1 -1 3
1 0 -1 1 0 0 -2 0 -1 1 -5 -2 -8 3 -2 4 5 0 1 0 0 -1 0 4 3
0 0 0 0 0 0 0 -1 0 -2 -2 2 -3 -3 0 1 2 2 2 0 1 0 0 0 3
0 -2 0 -1 0 0 0 -2 0 1 2 3 -2 -2 0 0 0 -2 0 3 -1 -3 0 -1 3
0 0 0 0 0 0 0 0 0 0 0 0 1 0 1 1 2 0 0 0 1 0 0 0 3
0 0 0 0 0 -1 0 -2 -1 1 -1 0 -1 5 0 -1 -3 4 0 1 0 -1 0 1 3
0 0 0 0 0 0 0 0 1 -1 -1 1 0 -1 2 2 -2 -2 0 0 0 1 1 -1 3
0 0 1 0 0 0 1 1 21 4 -2 3 1 1 0 0 -6 -3 -2 0 -1 1 0 0 3
0 0 0 0 0 0 1 0 0 2 1 2 -1 1 0 0 1 6 0 1 -1 1 0 -1 3
1 0 0 0 0 0 0 0 4 1 1 3 1 -1 -2 -3 0 2 1 -2 1 1 0 1 3
0 0 0 0 0 0 0 0 0 0 2 1 1 -1 0 -1 1 2 0 0 0 -1 -1 0 3
6 0 0 0 3 0 -1 0 -6 -3 -1 1 -1 0 1 0 1 9 -5 -1 0 0 -6 0 3
0 0 0 0 0 1 0 0 0 0 0 0 0 -1 1 0 1 0 1 0 0 0 0 0 3
-1 -1 0 -1 0 -2 -1 -2 -6 -4 1 -2 0 1 1 -2 1 -5 -3 -2 6 1 2 0 3
0 0 0 1 0 -1 0 0 -3 -2 -3 -1 0 0 3 -2 2 -2 1 1 0 2 0 -1 3
0 0 0 0 0 2 1 0 -2 1 0 0 0 -1 0 -2 0 2 0 0 0 0 0 0 3
0 0 -1 0 0 0 0 0 -1 0 0 0 0 0 0 0 0 0 0 0 0 0 0 0 3
1 0 0 0 0 0 0 0 -1 -2 0 3 -1 3 2 1 0 5 1 0 2 4 0 0 3
0 0 0 0 0 0 0 0 3 0 0 0 0 0 0 0 -1 -2 0 0 0 0 0 0 3
0 2 0 -1 0 0 0 0 2 0 -2 4 -3 -4 1 1 1 0 0 0 0 0 1 0 3
-1 0 0 -1 0 -1 1 0 -1 0 -1 0 -1 4 -1 -1 4 3 2 2 -1 1 -3 -2 3
]
ini_bikes: [5.0 0.0 0.0 0.0 0.0 0.0 0.0 0.0 0.0 0.0 0.0 0.0 0.0 0.0 0.0 0.0 0.0 0.0 0.0 0.0 0.0 0.0 0.0 0.0
5.0 0.0 0.0 0.0 0.0 0.0 0.0 0.0 0.0 0.0 0.0 0.0 0.0 0.0 0.0 0.0 0.0 0.0 0.0 0.0 0.0 0.0 0.0 0.0
5.0 0.0 0.0 0.0 0.0 0.0 0.0 0.0 0.0 0.0 0.0 0.0 0.0 0.0 0.0 0.0 0.0 0.0 0.0 0.0 0.0 0.0 0.0 0.0
5.0 0.0 0.0 0.0 0.0 0.0 0.0 0.0 0.0 0.0 0.0 0.0 0.0 0.0 0.0 0.0 0.0 0.0 0.0 0.0 0.0 0.0 0.0 0.0
5.0 0.0 0.0 0.0 0.0 0.0 0.0 0.0 0.0 0.0 0.0 0.0 0.0 0.0 0.0 0.0 0.0 0.0 0.0 0.0 0.0 0.0 0.0 0.0
5.0 0.0 0.0 0.0 0.0 0.0 0.0 0.0 0.0 0.0 0.0 0.0 0.0 0.0 0.0 0.0 0.0 0.0 0.0 0.0 0.0 0.0 0.0 0.0
5.0 0.0 0.0 0.0 0.0 0.0 0.0 0.0 0.0 0.0 0.0 0.0 0.0 0.0 0.0 0.0 0.0 0.0 0.0 0.0 0.0 0.0 0.0 0.0
5.0 0.0 0.0 0.0 0.0 0.0 0.0 0.0 0.0 0.0 0.0 0.0 0.0 0.0 0.0 0.0 0.0 0.0 0.0 0.0 0.0 0.0 0.0 0.0
5.0 0.0 0.0 0.0 0.0 0.0 0.0 0.0 0.0 0.0 0.0 0.0 0.0 0.0 0.0 0.0 0.0 0.0 0.0 0.0 0.0 0.0 0.0 0.0
5.0 0.0 0.0 0.0 0.0 0.0 0.0 0.0 0.0 0.0 0.0 0.0 0.0 0.0 0.0 0.0 0.0 0.0 0.0 0.0 0.0 0.0 0.0 0.0
5.0 0.0 0.0 0.0 0.0 0.0 0.0 0.0 0.0 0.0 0.0 0.0 0.0 0.0 0.0 0.0 0.0 0.0 0.0 0.0 0.0 0.0 0.0 0.0
5.0 0.0 0.0 0.0 0.0 0.0 0.0 0.0 0.0 0.0 0.0 0.0 0.0 0.0 0.0 0.0 0.0 0.0 0.0 0.0 0.0 0.0 0.0 0.0
5.0 0.0 0.0 0.0 0.0 0.0 0.0 0.0 0.0 0.0 0.0 0.0 0.0 0.0 0.0 0.0 0.0 0.0 0.0 0.0 0.0 0.0 0.0 0.0
5.0 0.0 0.0 0.0 0.0 0.0 0.0 0.0 0.0 0.0 0.0 0.0 0.0 0.0 0.0 0.0 0.0 0.0 0.0 0.0 0.0 0.0 0.0 0.0
5.0 0.0 0.0 0.0 0.0 0.0 0.0 0.0 0.0 0.0 0.0 0.0 0.0 0.0 0.0 0.0 0.0 0.0 0.0 0.0 0.0 0.0 0.0 0.0
5.0 0.0 0.0 0.0 0.0 0.0 0.0 0.0 0.0 0.0 0.0 0.0 0.0 0.0 0.0 0.0 0.0 0.0 0.0 0.0 0.0 0.0 0.0 0.0
5.0 0.0 0.0 0.0 0.0 0.0 0.0 0.0 0.0 0.0 0.0 0.0 0.0 0.0 0.0 0.0 0.0 0.0 0.0 0.0 0.0 0.0 0.0 0.0
5.0 0.0 0.0 0.0 0.0 0.0 0.0 0.0 0.0 0.0 0.0 0.0 0.0 0.0 0.0 0.0 0.0 0.0 0.0 0.0 0.0 0.0 0.0 0.0
5.0 0.0 0.0 0.0 0.0 0.0 0.0 0.0 0.0 0.0 0.0 0.0 0.0 0.0 0.0 0.0 0.0 0.0 0.0 0.0 0.0 0.0 0.0 0.0
5.0 0.0 0.0 0.0 0.0 0.0 0.0 0.0 0.0 0.0 0.0 0.0 0.0 0.0 0.0 0.0 0.0 0.0 0.0 0.0 0.0 0.0 0.0 0.0
5.0 0.0 0.0 0.0 0.0 0.0 0.0 0.0 0.0 0.0 0.0 0.0 0.0 0.0 0.0 0.0 0.0 0.0 0.0 0.0 0.0 0.0 0.0 0.0
5.0 0.0 0.0 0.0 0.0 0.0 0.0 0.0 0.0 0.0 0.0 0.0 0.0 0.0 0.0 0.0 0.0 0.0 0.0 0.0 0.0 0.0 0.0 0.0
5.0 0.0 0.0 0.0 0.0 0.0 0.0 0.0 0.0 0.0 0.0 0.0 0.0 0.0 0.0 0.0 0.0 0.0 0.0 0.0 0.0 0.0 0.0 0.0
5.0 0.0 0.0 0.0 0.0 0.0 0.0 0.0 0.0 0.0 0.0 0.0 0.0 0.0 0.0 0.0 0.0 0.0 0.0 0.0 0.0 0.0 0.0 0.0
5.0 0.0 0.0 0.0 0.0 0.0 0.0 0.0 0.0 0.0 0.0 0.0 0.0 0.0 0.0 0.0 0.0 0.0 0.0 0.0 0.0 0.0 0.0 0.0
5.0 0.0 0.0 0.0 0.0 0.0 0.0 0.0 0.0 0.0 0.0 0.0 0.0 0.0 0.0 0.0 0.0 0.0 0.0 0.0 0.0 0.0 0.0 0.0
5.0 0.0 0.0 0.0 0.0 0.0 0.0 0.0 0.0 0.0 0.0 0.0 0.0 0.0 0.0 0.0 0.0 0.0 0.0 0.0 0.0 0.0 0.0 0.0
5.0 0.0 0.0 0.0 0.0 0.0 0.0 0.0 0.0 0.0 0.0 0.0 0.0 0.0 0.0 0.0 0.0 0.0 0.0 0.0 0.0 0.0 0.0 0.0
5.0 0.0 0.0 0.0 0.0 0.0 0.0 0.0 0.0 0.0 0.0 0.0 0.0 0.0 0.0 0.0 0.0 0.0 0.0 0.0 0.0 0.0 0.0 0.0
5.0 0.0 0.0 0.0 0.0 0.0 0.0 0.0 0.0 0.0 0.0 0.0 0.0 0.0 0.0 0.0 0.0 0.0 0.0 0.0 0.0 0.0 0.0 0.0
5.0 0.0 0.0 0.0 0.0 0.0 0.0 0.0 0.0 0.0 0.0 0.0 0.0 0.0 0.0 0.0 0.0 0.0 0.0 0.0 0.0 0.0 0.0 0.0
5.0 0.0 0.0 0.0 0.0 0.0 0.0 0.0 0.0 0.0 0.0 0.0 0.0 0.0 0.0 0.0 0.0 0.0 0.0 0.0 0.0 0.0 0.0 0.0
5.0 0.0 0.0 0.0 0.0 0.0 0.0 0.0 0.0 0.0 0.0 0.0 0.0 0.0 0.0 0.0 0.0 0.0 0.0 0.0 0.0 0.0 0.0 0.0
5.0 0.0 0.0 0.0 0.0 0.0 0.0 0.0 0.0 0.0 0.0 0.0 0.0 0.0 0.0 0.0 0.0 0.0 0.0 0.0 0.0 0.0 0.0 0.0
5.0 0.0 0.0 0.0 0.0 0.0 0.0 0.0 0.0 0.0 0.0 0.0 0.0 0.0 0.0 0.0 0.0 0.0 0.0 0.0 0.0 0.0 0.0 0.0
5.0 0.0 0.0 0.0 0.0 0.0 0.0 0.0 0.0 0.0 0.0 0.0 0.0 0.0 0.0 0.0 0.0 0.0 0.0 0.0 0.0 0.0 0.0 0.0
5.0 0.0 0.0 0.0 0.0 0.0 0.0 0.0 0.0 0.0 0.0 0.0 0.0 0.0 0.0 0.0 0.0 0.0 0.0 0.0 0.0 0.0 0.0 0.0
5.0 0.0 0.0 0.0 0.0 0.0 0.0 0.0 0.0 0.0 0.0 0.0 0.0 0.0 0.0 0.0 0.0 0.0 0.0 0.0 0.0 0.0 0.0 0.0
5.0 0.0 0.0 0.0 0.0 0.0 0.0 0.0 0.0 0.0 0.0 0.0 0.0 0.0 0.0 0.0 0.0 0.0 0.0 0.0 0.0 0.0 0.0 0.0
5.0 0.0 0.0 0.0 0.0 0.0 0.0 0.0 0.0 0.0 0.0 0.0 0.0 0.0 0.0 0.0 0.0 0.0 0.0 0.0 0.0 0.0 0.0 0.0
5.0 0.0 0.0 0.0 0.0 0.0 0.0 0.0 0.0 0.0 0.0 0.0 0.0 0.0 0.0 0.0 0.0 0.0 0.0 0.0 0.0 0.0 0.0 0.0
5.0 0.0 0.0 0.0 0.0 0.0 0.0 0.0 0.0 0.0 0.0 0.0 0.0 0.0 0.0 0.0 0.0 0.0 0.0 0.0 0.0 0.0 0.0 0.0
5.0 0.0 0.0 0.0 0.0 0.0 0.0 0.0 0.0 0.0 0.0 0.0 0.0 0.0 0.0 0.0 0.0 0.0 0.0 0.0 0.0 0.0 0.0 0.0
5.0 0.0 0.0 0.0 0.0 0.0 0.0 0.0 0.0 0.0 0.0 0.0 0.0 0.0 0.0 0.0 0.0 0.0 0.0 0.0 0.0 0.0 0.0 0.0
5.0 0.0 0.0 0.0 0.0 0.0 0.0 0.0 0.0 0.0 0.0 0.0 0.0 0.0 0.0 0.0 0.0 0.0 0.0 0.0 0.0 0.0 0.0 0.0
5.0 0.0 0.0 0.0 0.0 0.0 0.0 0.0 0.0 0.0 0.0 0.0 0.0 0.0 0.0 0.0 0.0 0.0 0.0 0.0 0.0 0.0 0.0 0.0
5.0 0.0 0.0 0.0 0.0 0.0 0.0 0.0 0.0 0.0 0.0 0.0 0.0 0.0 0.0 0.0 0.0 0.0 0.0 0.0 0.0 0.0 0.0 0.0
5.0 0.0 0.0 0.0 0.0 0.0 0.0 0.0 0.0 0.0 0.0 0.0 0.0 0.0 0.0 0.0 0.0 0.0 0.0 0.0 0.0 0.0 0.0 0.0
]
station_id: [1024 3 1754 3 1756 3 249 3 1749 3 1721 3 258 3 349 3 1093 3 1744 3 1809 3 1025 3 1770 3 1766 3 1799 3 1767 3 183 3 1055 3 1738 3 1823 3 189 3 1051 3 1050 3 1102 3 1720 3 1757 3 1743 3 1039 3 1038 3 1765 3 1821 3 1737 3 1098 3 1748 3 247 3 1808 3 1092 3 1768 3 1019 3 296 3 1764 3 259 3 1745 3 260 3 1753 3 262 3 289 3 1763 3
]